 ANALYST DRIVE MATRIX ESTIMATION, ADVANCED VOLUME/STATISTICS REPORT
  
**********************************************************************************************************************************************************************************
**********************************************************************************************************************************************************************************
   
 User Class           1  Simulated Volume Report.  (Summary Statistics Follow)
   
Screenline #              Estimated Volume               Abs Error (Init)          Abs Error % Improve            Rel Error (Final%)                 GEH Stat (Init)
             Initial Volume               Observed Volume              Abs Error (Final)            Rel Error (Init%)           Rel Error % Improve               GEH Stat (Final)
----------------------------------------------------------------------------------------------------------------------------------------------------------------------------------
           1  10589.4902344  10582.3798828  11100.0000000    510.5097656    517.6201172     -1.3927944      4.5991874      4.6632442     -1.3927867      4.9022379      4.9713311
           2  10583.2099609  10585.3603516  11100.0000000    516.7900391    514.6396484      0.4161053      4.6557660      4.6363931      0.4161064      4.9632635      4.9423661
           3  37890.1992188  37883.9609375  38400.0000000    509.8007812    516.0390625     -1.2236704      1.3276062      1.3438517     -1.2236674      2.6102440      2.6422930
           4  37874.7617188  37872.6914062  38400.0000000    525.2382812    527.3085938     -0.3941664      1.3678080      1.3731995     -0.3941692      2.6895580      2.7001963
           5   5615.2202148   5610.1547852   5100.0000000    515.2202148    510.1547852      0.9831582     10.1023569     10.0030346      0.9831599      7.0389409      6.9713855
           6   5613.2202148   5611.7880859   5100.0000000    513.2202148    511.7880859      0.2790476     10.0631418     10.0350599      0.2790569      7.0122719      6.9931717
           7   3838.8898926   3834.0039062   4350.0000000    511.1101074    515.9960938     -0.9559557     11.7496576     11.8619795     -0.9559585      7.9876118      8.0663767
           8   3833.1000977   3849.7500000   4350.0000000    516.8999023    500.2500000      3.2211077     11.8827562     11.5000000      3.2211065      8.0809517      7.8127112
           9  46703.3593750  46690.1914062  46308.0000000    395.3593750    382.1914062      3.3306327      0.8537604      0.8253248      3.3306286      1.8333232      1.7723874
          10  46677.8515625  46696.0117188  46308.0000000    369.8515625    388.0117188     -4.9101205      0.7986774      0.8378935     -4.9101224      1.7152760      1.7993225
          11   4123.9399414   4118.9731445   4000.0000000    123.9399414    118.9731445      4.0074220      3.0984986      2.9743285      4.0074272      1.9446567      1.8672969
          12   4116.8198242   4123.5659180   4000.0000000    116.8198242    123.5659180     -5.7747850      2.9204955      3.0891480     -5.7747917      1.8337436      1.9388328
          13   8376.9804688   8376.3310547   8500.0000000    123.0195312    123.6689453     -0.5278951      1.4472886      1.4549288     -0.5278922      1.3391885      1.3462838
          14   8384.3603516   8383.9951172   8500.0000000    115.6396484    116.0048828     -0.3158384      1.3604665      1.3647634     -0.3158401      1.2585760      1.2625647
          15  50956.3906250  50947.5507812  50808.0000000    148.3906250    139.5507812      5.9571447      0.2920615      0.2746630      5.9571476      0.6578450      0.6186830
          16  50945.3906250  50956.4414062  50808.0000000    137.3906250    148.4414062     -8.0433302      0.2704114      0.2921615     -8.0433226      0.6091127      0.6580699
          17   7324.8999023   7321.6000977   7350.0000000     25.1000977     28.3999023    -13.1465807      0.3414979      0.3863932    -13.1465778      0.2930238      0.3315836
          18   7309.8300781   7321.8471680   7350.0000000     40.1699219     28.1528320     29.9156418      0.5465296      0.3830317     29.9156494      0.4691930      0.3286962
          19   7516.5200195   7517.5688477   7491.0000000     25.5200195     26.5688477     -4.1098247      0.3406757      0.3546769     -4.1098204      0.2946060      0.3067031
          20   7521.4199219   7515.4379883   7491.0000000     30.4199219     24.4379883     19.6645260      0.4060863      0.3262313     19.6645241      0.3511137      0.2821251
          21   5024.8701172   5019.4418945   5250.0000000    225.1298828    230.5581055     -2.4111514      4.2881885      4.3915830     -2.4111466      3.1409426      3.2175252
          22   5012.4199219   5008.3461914   5250.0000000    237.5800781    241.6538086     -1.7146769      4.5253348      4.6029296     -1.7146744      3.3166537      3.3741934
          23  57096.4882812  57102.5585938  56449.0000000    647.4882812    653.5585938     -0.9375170      1.1470324      1.1577859     -0.9375073      2.7174525      2.7428558
          24  57125.6992188  57129.3710938  56449.0000000    676.6992188    680.3710938     -0.5426155      1.1987798      1.2052846     -0.5426162      2.8396831      2.8550453
          25  10973.3496094  10978.4902344  10750.0000000    223.3496094    228.4902344     -2.3016047      2.0776708      2.1254907     -2.3016088      2.1430721      2.1921380
          26  10981.1396484  10987.6904297  10750.0000000    231.1396484    237.6904297     -2.8341227      2.1501362      2.2110739     -2.8341293      2.2174211      2.2799220
          27  56755.3085938  56759.7187500  61350.0000000   4594.6914062   4590.2812500      0.0959837      7.4893093      7.4821210      0.0959811     18.9076099     18.8891087
          28  58977.0898438  58982.9882812  61350.0000000   2372.9101562   2367.0117188      0.2485740      3.8678243      3.8582098      0.2485756      9.6741896      9.6499052
          29   6122.2900391   6120.3232422   7000.0000000    877.7099609    879.6767578     -0.2240828     12.5387135     12.5668106     -0.2240832     10.8358059     10.8609009
          30  10127.1298828  10075.3496094  11000.0000000    872.8701172    924.6503906     -5.9321856      7.9351826      8.4059124     -5.9321866      8.4926729      9.0075188
          31  10188.2402344  10191.2695312  13900.0000000   3711.7597656   3708.7304688      0.0816135     26.7033062     26.6815147      0.0816058     33.8214569     33.7917328
          32   6468.2900391   6455.4121094   8000.0000000   1531.7099609   1544.5878906     -0.8407551     19.1463737     19.3073483     -0.8407571     18.0087242     18.1682205
          33  66943.5468750  66950.9921875  64250.0000000   2693.5468750   2700.9921875     -0.2764130      4.1922908      4.2038789     -0.2764144     10.5167923     10.5455627
          34  65445.3789062  65438.3984375  64250.0000000   1195.3789062   1188.3984375      0.5839545      1.8605119      1.8496474      0.5839520      4.6941648      4.6668787
          35   9805.4804688   9810.5664062   8800.0000000   1005.4804688   1010.5664062     -0.5058216     11.4259148     11.4837093     -0.5058200     10.4248114     10.4761105
          36   9182.7402344   9163.7265625   8800.0000000    382.7402344    363.7265625      4.9677744      4.3493209      4.1332564      4.9677744      4.0363722      3.8378837
          37   7834.3510742   7835.9228516   8850.0000000   1015.6489258   1014.0771484      0.1547560     11.4762592     11.4584990      0.1547567     11.1199789     11.1022472
          38   8485.0429688   8490.7324219   8850.0000000    364.9570312    359.2675781      1.5589378      4.1238084      4.0595207      1.5589391      3.9200742      3.8583295
          39  64972.4296875  64976.3398438  64300.0000000    672.4296875    676.3398438     -0.5814967      1.0457693      1.0518504     -0.5814958      2.6448979      2.6602378
          40  64747.6796875  64765.4101562  64300.0000000    447.6796875    465.4101562     -3.9605255      0.6962359      0.7238105     -3.9605253      1.7624114      1.8320863
          41   3293.4809570   3281.4409180   2950.0000000    343.4809570    331.4409180      3.5053003     11.6434221     11.2352858      3.5052955      6.1475811      5.9378181
          42   2851.6508789   2859.9680176   2950.0000000     98.3491211     90.0319824      8.4567499      3.3338685      3.0519316      8.4567490      1.8260374      1.6704172
          43  61681.1914062  61697.1484375  61350.0000000    331.1914062    347.1484375     -4.8180690      0.5398393      0.5658491     -4.8180628      1.3353235      1.3995694
          44  61252.4414062  61262.1992188  61350.0000000     97.5585938     87.8007812     10.0020018      0.1590197      0.1431146     10.0020037      0.3940316      0.3546064
          45   5781.1098633   5777.4809570   4900.0000000    881.1098633    877.4809570      0.4118563     17.9818325     17.9077740      0.4118520     12.0569334     12.0093174
          46   5769.1499023   5712.2739258   4900.0000000    869.1499023    812.2739258      6.5438628     17.7377529     16.5770187      6.5438628     11.8999395     11.1509867
          47  51148.0195312  51143.5117188  50949.0000000    199.0195312    194.5117188      2.2650101      0.3906250      0.3817773      2.2650146      0.8808545      0.8609220
          48  51156.9804688  51150.0312500  50949.0000000    207.9804688    201.0312500      3.3412843      0.4082131      0.3945735      3.3412941      0.9204749      0.8897495
   
 Initial: Total Error =   32779.15     Average Error =   682.8989    
 Final  : Total Error =   32769.52     Average Error =   682.6984    
 -------- % Reduction =  2.9363178E-02
   
 Initial: Absolute RMSE% =   4.502186     Relative RMSE% =   8.011543    
 Final  : Absolute RMSE% =   4.501940     Relative RMSE% =   7.949097    
   
 Initial:  GEH < 5 =    66.66667     %,  GEH < 10 =   81.25000     %
 Final  :  GEH < 5 =    66.66667     %,  GEH < 10 =   81.25000     %
   
 Initial: GEH Total =   258.5811    
 Final  : GEH Total =   257.8942    
 -------- % Reduction =  0.2656498    
   
 Initial:  R^2 =   0.9977229    
 Final  :  R^2 =   0.9977232    
   
