 ANALYST DRIVE MATRIX ESTIMATION, ADVANCED VOLUME/STATISTICS REPORT
  
**********************************************************************************************************************************************************************************
**********************************************************************************************************************************************************************************
   
 User Class           1  Simulated Volume Report.  (Summary Statistics Follow)
   
Screenline #              Estimated Volume               Abs Error (Init)          Abs Error % Improve            Rel Error (Final%)                 GEH Stat (Init)
             Initial Volume               Observed Volume              Abs Error (Final)            Rel Error (Init%)           Rel Error % Improve               GEH Stat (Final)
----------------------------------------------------------------------------------------------------------------------------------------------------------------------------------
           1    107.4700012    107.1315002     38.0000000     69.4700012     69.1315002      0.4872621    182.8157959    181.9250031      0.4872625      8.1456470      8.1154041
           2    175.4199982    175.4557953    121.0000000     54.4199982     54.4557953     -0.0657794     44.9752045     45.0047874     -0.0657762      4.4701262      4.4727964
           3    234.9499969    234.4060974    129.0000000    105.9499969    105.4060974      0.5133549     82.1317825     81.7101517      0.5133590      7.8540754      7.8196015
           4    432.7000122    432.9270935    416.0000000     16.7000122     16.9270935     -1.3597673      4.0144262      4.0690126     -1.3597562      0.8106897      0.8216033
           5     56.0600014     56.0227890     15.0000000     41.0600014     41.0227890      0.0906292    273.7333679    273.4852600      0.0906385      6.8884478      6.8840075
           6     92.1399994     92.1090393     50.0000000     42.1399994     42.1090393      0.0734696     84.2799988     84.2180786      0.0734696      4.9986343      4.9955058
           8     58.0600014     58.3463593     37.0000000     21.0600014     21.3463593     -1.3597239     56.9189262     57.6928635     -1.3597186      3.0547416      3.0916245
           9    286.3599854    285.5148926    163.0000000    123.3599854    122.5148926      0.6850623     75.6809692     75.1625137      0.6850540      8.2298536      8.1811705
          10    574.0399780    574.6201782    524.0000000     50.0399780     50.6201782     -1.1594733      9.5496140      9.6603394     -1.1594752      2.1356153      2.1598067
          11     82.6800003     82.6423569     15.0000000     67.6800003     67.6423569      0.0556197    451.2000122    450.9490356      0.0556242      9.6843958      9.6808748
          12     99.1800003     99.1576538     49.0000000     50.1800003     50.1576538      0.0445327    102.4081573    102.3625641      0.0445211      5.8297629      5.8276057
          13     67.4899979     67.4440231     34.0000000     33.4899979     33.4440231      0.1372790     98.4999924     98.3647766      0.1372749      4.7013059      4.6959157
          14    168.5000000    168.8231964    109.0000000     59.5000000     59.8231964     -0.5431873     54.5871544     54.8836632     -0.5431842      5.0512686      5.0757518
          15    271.1700134    270.3165894    182.0000000     89.1700134     88.3165894      0.9570752     48.9945145     48.5256004      0.9570746      5.9238391      5.8726759
          16    643.3599854    644.2857056    585.0000000     58.3599854     59.2857056     -1.5862241      9.9760656     10.1343088     -1.5862284      2.3548722      2.3913250
          17     52.3100014     52.1936607     25.0000000     27.3100014     27.1936607      0.4260001    109.2400055    108.7746353      0.4260071      4.3925719      4.3771544
          18     73.9000015     73.8435669     79.0000000      5.0999985      5.1564331     -1.1065617      6.4556942      6.5271301     -1.1065569      0.5832857      0.5898489
          19     12.6999998     12.6594896     23.0000000     10.3000002     10.3405104     -0.3933027     44.7826080     44.9587402     -0.3933049      2.4379125      2.4488907
          20    139.0599976    139.5211945     75.0000000     64.0599976     64.5211945     -0.7199453     85.4133301     86.0282593     -0.7199453      6.1920457      6.2299175
          21     39.0999985     38.9706497     17.0000000     22.0999985     21.9706497      0.5852885    130.0000000    129.2391205      0.5852920      4.1727829      4.1531510
          22     86.1399994     86.3768005     56.0000000     30.1399994     30.3768005     -0.7856707     53.8214264     54.2442856     -0.7856707      3.5751979      3.6002893
          23    221.9700012    221.2599945    196.0000000     25.9700012     25.2599945      2.7339497     13.2500010     12.8877525      2.7339501      1.7964470      1.7488190
          24    686.9799805    688.1378174    628.0000000     58.9799805     60.1378174     -1.9631015      9.3917170      9.5760851     -1.9630929      2.3001707      2.3442934
          25     29.5100002     29.4482307     32.0000000      2.4899998      2.5517693     -2.4807024      7.7812490      7.9742789     -2.4807057      0.4489949      0.4603644
          26     64.5999985     64.5512772    103.0000000     38.4000015     38.4487228     -0.1268784     37.2815552     37.3288574     -0.1268784      4.1947803      4.2007136
          27    197.8999939    197.3009033    213.0000000     15.1000061     15.6990967     -3.9674857      7.0892053      7.3704681     -3.9674811      1.0534745      1.0960704
          28    688.7498779    689.6533203    684.0000000      4.7498779      5.6533203    -19.0203285      0.6944266      0.8265088    -19.0203285      0.1813016      0.2157148
          29     33.8300018     33.6522102     21.0000000     12.8300018     12.6522102      1.3857487     61.0952492     60.2486191      1.3857543      2.4503753      2.4203465
          30    120.6600037    120.8983002     69.0000000     51.6600037     51.8983002     -0.4612785     74.8695755     75.2149277     -0.4612717      5.3049531      5.3260789
          31     26.7999992     26.7381191     53.0000000     26.2000008     26.2618809     -0.2361836     49.4339638     49.5507164     -0.2361790      4.1477718      4.1591811
          32    149.1699982    149.1407013    110.0000000     39.1699982     39.1407013      0.0747942     35.6090889     35.5824547      0.0747961      3.4409328      3.4385536
          33    224.6999969    224.0390015    244.0000000     19.3000031     19.9609985     -3.4248464      7.9098372      8.1807365     -3.4248405      1.2607381      1.3048369
          34    837.9199219    838.7938232    784.0000000     53.9199219     54.7938232     -1.6207393      6.8775406      6.9890079     -1.6207446      1.8934313      1.9236007
          35      5.0200000      5.0798240     31.0000000     25.9799995     25.9201756      0.2302694     83.8064499     83.6134644      0.2302753      6.1218443      6.1026821
          36     53.4399986     53.8432388     98.0000000     44.5600014     44.1567612      0.9049376     45.4693871     45.0579185      0.9049352      5.1208243      5.0677419
          38     96.2699966     96.3229294     83.0000000     13.2699966     13.3229294     -0.3988904     15.9879475     16.0517216     -0.3988887      1.4016255      1.4070088
          39    219.6799927    218.9591980    240.0000000     20.3200073     21.0408020     -3.5472167      8.4666700      8.7670002     -3.5472054      1.3403279      1.3889617
          40    880.7498779    881.2736206    769.0000000    111.7498779    112.2736206     -0.4686741     14.5318432     14.5999508     -0.4686784      3.8909264      3.9085417
          41    219.6799927    218.9591980     11.0000000    208.6799927    207.9591980      0.3454067   1897.0909424   1890.5382080      0.3454096     19.4308071     19.3940163
          42      1.4200000      1.4456280     34.0000000     32.5800018     32.5543709      0.0786708     95.8235321     95.7481537      0.0786638      7.7417979      7.7329102
          44    426.0599976    426.7228088    734.0000000    307.9400024    307.2771912      0.2152404     41.9536781     41.8633804      0.2152319     12.7861824     12.7550173
          45      9.7600002      9.6931362     17.0000000      7.2399998      7.3068638     -0.9235362     42.5882339     42.9815521     -0.9235372      1.9792948      2.0000746
          47    204.4799957    204.4584961    181.0000000     23.4799957     23.4584961      0.0915658     12.9723730     12.9604950      0.0915639      1.6912667      1.6897651
          48    231.5599976    230.7823944    581.0000000    349.4400024    350.2175903     -0.2225240     60.1445808     60.2784157     -0.2225219     17.3364391     17.3833370
   
 Initial: Total Error =   2535.600     Average Error =   57.62726    
 Final  : Total Error =   2539.709     Average Error =   57.72066    
 -------- % Reduction = -0.1620672    
   
 Initial: Absolute RMSE% =   46.12899     Relative RMSE% =   303.1528    
 Final  : Absolute RMSE% =   46.12739     Relative RMSE% =   302.1837    
   
 Initial:  GEH < 5 =    63.63636     %,  GEH < 10 =   93.18182     %
 Final  :  GEH < 5 =    63.63636     %,  GEH < 10 =   93.18182     %
   
 Initial: GEH Total =   208.8018    
 Final  : GEH Total =   208.9535    
 -------- % Reduction = -7.2683245E-02
   
 Initial:  R^2 =   0.8517113    
 Final  :  R^2 =   0.8517216    
   
