 ANALYST DRIVE MATRIX ESTIMATION, ADVANCED VOLUME/STATISTICS REPORT
  
**********************************************************************************************************************************************************************************
**********************************************************************************************************************************************************************************
   
 User Class           1  Simulated Volume Report.  (Summary Statistics Follow)
   
Screenline #              Estimated Volume               Abs Error (Init)          Abs Error % Improve            Rel Error (Final%)                 GEH Stat (Init)
             Initial Volume               Observed Volume              Abs Error (Final)            Rel Error (Init%)           Rel Error % Improve               GEH Stat (Final)
----------------------------------------------------------------------------------------------------------------------------------------------------------------------------------
           1   4189.0200195    945.3997192    308.0000000   3881.0200195    637.3997192     83.5764923   1260.0714111    206.9479675     83.5764923     81.8461914     25.4613876
           2   4962.9902344   1236.0560303    815.0000000   4147.9902344    421.0560303     89.8491516    508.9558716     51.6633148     89.8491592     77.1728134     13.1481943
           3   8215.5302734   1906.7889404   1055.0000000   7160.5302734    851.7889404     88.1043854    678.7232666     80.7382889     88.1043930    105.1738815     22.1345100
           4  10896.5097656   3053.5729980   2791.0000000   8105.5097656    262.5729980     96.7605591    290.4159851      9.4078465     96.7605667     97.9790192      4.8572297
           5  11577.7695312   2248.6630859   1237.0000000  10340.7695312   1011.6630859     90.2167511    835.9555054     81.7835999     90.2167511    129.1851044     24.2330570
           6  14973.7304688   3548.8100586   3272.0000000  11701.7304688    276.8100586     97.6344452    357.6323547      8.4599648     97.6344528    122.5136414      4.7400060
           7  11577.7695312   2248.6630859   1330.0000000  10247.7695312    918.6630859     91.0354843    770.5090332     69.0724106     91.0354843    127.5612411     21.7175522
           8  14973.7304688   3548.8100586   3519.0000000  11454.7304688     29.8100586     99.7397537    325.5109558      0.8471173     99.7397614    119.1240234      0.5014589
           9  12437.6298828   2352.9350586   1330.0000000  11107.6298828   1022.9350586     90.7907028    835.1601562     76.9124069     90.7907028    133.8772583     23.8377934
          10  16026.7500000   4058.6689453   3519.0000000  12507.7500000    539.6689453     95.6853180    355.4347839     15.3358612     95.6853256    126.5225754      8.7674761
          11  10858.0800781   1764.0660400   1206.0000000   9652.0800781    558.0660400     94.2181778    800.3382568     46.2741318     94.2181854    124.2764435     14.4816332
          12  14362.6796875   3321.9060059   3192.0000000  11170.6796875    129.9060059     98.8370743    349.9586487      4.0697370     98.8370819    119.2334595      2.2762685
          13  10858.0800781   1764.0660400   1484.0000000   9374.0800781    280.0660400     97.0123291    631.6765747     18.8723736     97.0123367    119.3299561      6.9496517
          14  14362.6796875   3321.9060059   3927.0000000  10435.6796875    605.0939941     94.2016830    265.7417908     15.4085560     94.2016830    109.1271133     10.0508223
          15  12723.7900391   2528.0791016   1484.0000000  11239.7900391   1044.0791016     90.7108688    757.3982544     70.3557358     90.7108688    133.3551941     23.3111477
          16  16663.2597656   4561.3081055   3927.0000000  12736.2597656    634.3081055     95.0196609    324.3254395     16.1524868     95.0196609    125.5237808      9.7365408
          17  10564.8203125   1907.3480225   1283.0000000   9281.8203125    624.3480225     93.2734375    723.4466553     48.6631355     93.2734299    120.5949020     15.6322937
          18  14510.7500000   3707.3969727   3396.0000000  11114.7500000    311.3969727     97.1983490    327.2894592      9.1695223     97.1983414    117.4644089      5.2251210
          19  16045.7998047   4178.3110352   3902.0000000  12143.7998047    276.3110352     97.7246704    311.2198792      7.0812674     97.7246780    121.5967789      4.3470955
          20  11672.0800781   2069.6411133   1475.0000000  10197.0800781    594.6411133     94.1685181    691.3274536     40.3146515     94.1685181    125.7697449     14.1248484
          21  10156.4697266   1693.9050293   1332.0000000   8824.4697266    361.9050293     95.8988419    662.4976807     27.1700478     95.8988495    116.4320450      9.3042631
          22  14706.5097656   3807.5620117   3525.0000000  11181.5097656    282.5620117     97.4729462    317.2059631      8.0159435     97.4729614    117.1127319      4.6666036
          23  12239.9902344   2132.5859375   1594.0000000  10645.9902344    538.5859375     94.9409485    667.8789062     33.7883263     94.9409485    128.0051117     12.4771223
          24  16395.3105469   4593.1821289   4217.0000000  12178.3105469    376.1821289     96.9110565    288.7908630      8.9206104     96.9110413    119.9606247      5.6678815
          25  12239.9902344   2132.5859375   1594.0000000  10645.9902344    538.5859375     94.9409485    667.8789062     33.7883263     94.9409485    128.0051117     12.4771223
          26  16395.3105469   4593.1821289   4217.0000000  12178.3105469    376.1821289     96.9110565    288.7908630      8.9206104     96.9110413    119.9606247      5.6678815
          27  12563.8496094   1964.7299805   1736.0000000  10827.8496094    228.7299805     97.8875732    623.7240601     13.1756897     97.8875732    128.0535126      5.3173394
          28  16318.2304688   4814.6450195   4593.0000000  11725.2304688    221.6450195     98.1096802    255.2847900      4.8257136     98.1096725    114.6691513      3.2317111
          29   9717.1005859   1680.0550537   1419.0000000   8298.1005859    261.0550537     96.8540344    584.7850952     18.3971157     96.8540421    111.2057190      6.6318159
          30  12668.4804688   3497.4589844   3754.0000000   8914.4804688    256.5410156     97.1222000    237.4661865      6.8338046     97.1222000     98.3765640      4.2604856
          31  12563.8496094   1964.7299805   1736.0000000  10827.8496094    228.7299805     97.8875732    623.7240601     13.1756897     97.8875732    128.0535126      5.3173394
          32  16318.2304688   4814.6450195   4593.0000000  11725.2304688    221.6450195     98.1096802    255.2847900      4.8257136     98.1096725    114.6691513      3.2317111
          33  14275.2998047   2388.6159668   1990.0000000  12285.2998047    398.6159668     96.7553406    617.3517456     20.0309525     96.7553406    136.2290497      8.5192480
          34  18375.9394531   5799.5048828   5266.0000000  13109.9394531    533.5048828     95.9305267    248.9544220     10.1311226     95.9305344    120.5796814      7.1724544
          35  13279.9804688   2289.0839844   1741.0000000  11538.9804688    548.0839844     95.2501526    662.7789307     31.4809856     95.2501602    133.1475830     12.2097025
          36  16863.0292969   5164.5917969   4606.0000000  12257.0292969    558.5917969     95.4426804    266.1100769     12.1274815     95.4426804    118.3025208      7.9918828
          37  13279.9804688   2289.0839844   1741.0000000  11538.9804688    548.0839844     95.2501526    662.7789307     31.4809856     95.2501602    133.1475830     12.2097025
          38  16863.0292969   5164.5917969   4606.0000000  12257.0292969    558.5917969     95.4426804    266.1100769     12.1274815     95.4426804    118.3025208      7.9918828
          39  18338.9101562   5853.7319336   1951.0000000  16387.9101562   3902.7319336     76.1852951    839.9748535    200.0375214     76.1852951    162.7041016     62.4747810
   
 Initial: Total Error =   415349.8     Average Error =   10650.00    
 Final  : Total Error =   21971.13     Average Error =   563.3624    
 -------- % Reduction =   94.71021    
   
 Initial: Absolute RMSE% =   421.4823     Relative RMSE% =   575.8570    
 Final  : Absolute RMSE% =   31.72670     Relative RMSE% =   57.44454    
   
 Initial:  GEH < 5 =   0.0000000E+00 %,  GEH < 10 =  0.0000000E+00 %
 Final  :  GEH < 5 =    23.07692     %,  GEH < 10 =   58.97436     %
   
 Initial: GEH Total =   4684.145    
 Final  : GEH Total =   452.3551    
 -------- % Reduction =   90.34285    
   
 Initial: Estimated Volumes within 5% of count =            0
 Final  : Estimated Volumes within 5% of count =            4
