 ANALYST DRIVE MATRIX ESTIMATION, ADVANCED VOLUME/STATISTICS REPORT
  
**********************************************************************************************************************************************************************************
**********************************************************************************************************************************************************************************
   
 User Class           1  Simulated Volume Report.  (Summary Statistics Follow)
   
Screenline #              Estimated Volume               Abs Error (Init)          Abs Error % Improve            Rel Error (Final%)                 GEH Stat (Init)
             Initial Volume               Observed Volume              Abs Error (Final)            Rel Error (Init%)           Rel Error % Improve               GEH Stat (Final)
----------------------------------------------------------------------------------------------------------------------------------------------------------------------------------
           1    714.7600098    716.7919922    187.0000000    527.7600098    529.7919922     -0.3850202    282.2246094    283.3112183     -0.3850156     24.8545551     24.9221878
           2    935.5900879    936.7650146    397.0000000    538.5900879    539.7650146     -0.2181486    135.6650085    135.9609680     -0.2181546     20.8653202     20.9016266
           3   1403.0799561   1409.6770020    639.0000000    764.0799561    770.6770020     -0.8633973    119.5743332    120.6067352     -0.8633977     23.9120846     24.0796776
           4   2050.7099609   2053.2580566   1360.0000000    690.7099609    693.2580566     -0.3689097     50.7874985     50.9748573     -0.3689075     16.7258549     16.7812901
           5    156.9100037    157.1941071     76.0000000     80.9100037     81.1941071     -0.3511351    106.4605331    106.8343506     -0.3511324      7.4976153      7.5193572
           6    171.6699982    171.9286041    162.0000000      9.6699982      9.9286041     -2.6743124      5.9691348      6.1287680     -2.6743100      0.7486569      0.7683806
           7     97.6299973    100.6224976     57.0000000     40.6299973     43.6224976     -7.3652482     71.2806931     76.5306931     -7.3652482      4.6207757      4.9137878
           8    170.9600067    172.7687988    120.0000000     50.9600067     52.7687988     -3.5494347     42.4666748     43.9739990     -3.5494282      4.2250109      4.3614388
           9   2058.5600586   2069.8979492    806.0000000   1252.5600586   1263.8979492     -0.9051774    155.4044800    156.8111725     -0.9051815     33.0966949     33.3303795
          10   2985.5900879   2990.8630371   1715.0000000   1270.5900879   1275.8630371     -0.4150001     74.0868835     74.3943481     -0.4150054     26.2086277     26.3026428
          11    266.8699951    269.4090881     75.0000000    191.8699951    194.4090881     -1.3233404    255.8266602    259.2120972     -1.3233323     14.6754551     14.8147478
          12    308.2999878    311.0191040    159.0000000    149.2999878    152.0191040     -1.8212434     93.8993607     95.6094971     -1.8212440      9.7673531      9.9164314
          13    331.0799866    331.3346863    168.0000000    163.0799866    163.3346863     -0.1561809     97.0714188     97.2230225     -0.1561775     10.3235865     10.3370724
          14    470.3500061    467.1156921    358.0000000    112.3500061    109.1156921      2.8787839     31.3826828     30.4792442      2.8787804      5.5205350      5.3721085
          15   2122.7700195   2131.8239746    899.0000000   1223.7700195   1232.8239746     -0.7398412    136.1257019    137.1328125     -0.7398387     31.4835796     31.6690998
          16   3147.6398926   3146.9599609   1914.0000000   1233.6398926   1232.9599609      0.0551159     64.4534912     64.4179688      0.0551133     24.5221081     24.5102367
          17    345.6700134    348.8959961    122.0000000    223.6700134    226.8959961     -1.4422956    183.3360748    185.9803162     -1.4422919     14.6269236     14.7869749
          18    383.6099854    386.4580078    259.0000000    124.6099854    127.4580078     -2.2855492     48.1119614     49.2115860     -2.2855535      6.9517493      7.0949302
          23    238.3800049    237.1481934    965.0000000    726.6199951    727.8518066     -0.1695262     75.2974091     75.4250565     -0.1695243     29.6224480     29.6878643
          24    344.1099854    340.1361084   2055.0000000   1710.8900146   1714.8638916     -0.2322696     83.2549896     83.4483643     -0.2322679     49.3983040     49.5540962
          25    267.5000000    268.7897034    158.0000000    109.5000000    110.7897034     -1.1778113     69.3038025     70.1200638     -1.1778016      7.5072231      7.5841589
          26    230.7899933    232.6858978    337.0000000    106.2100067    104.3141022      1.7850525     31.5163231     30.9537373      1.7850617      6.3035698      6.1807370
          27   2157.4699707   2160.5319824   1052.0000000   1105.4699707   1108.5319824     -0.2769873    105.0827026    105.3737640     -0.2769832     27.5959473     27.6591911
          28   3252.9299316   3240.8330078   2238.0000000   1014.9299316   1002.8330078      1.1918974     45.3498650     44.8093376      1.1919050     19.3699322     19.1601810
          29    409.4899902    409.2463074    106.0000000    303.4899902    303.2463074      0.0802935    286.3113098    286.0814209      0.0802933     18.9038067     18.8930931
          30    375.5799866    372.8804016    226.0000000    149.5799866    146.8804016      1.8047769     66.1858292     64.9913330      1.8047612      8.6246567      8.4880667
          31   2194.0200195   2197.6079102    260.0000000   1934.0200195   1937.6079102     -0.1855147    743.8538818    745.2338257     -0.1855128     55.2124367     55.2744713
          32   3347.9499512   3331.0161133    554.0000000   2793.9499512   2777.0161133      0.6060895    504.3230896    501.2664185      0.6060938     63.2546959     63.0081863
          33    473.9200134    474.5965881   1206.0000000    732.0799561    731.4034424      0.0924098     60.7031479     60.6470528      0.0924089     25.2597580     25.2313366
          34    517.6500244    518.1367798   2566.0000000   2048.3500977   2047.8632812      0.0237663     79.8265839     79.8076096      0.0237694     52.1658936     52.1493797
          35    332.6000061    332.0333862    151.0000000    181.6000061    181.0333862      0.3120154    120.2649002    119.8896637      0.3120083     11.6785173     11.6489048
          36    470.5499878    465.7232056    322.0000000    148.5499878    143.7232056      3.2492645     46.1335373     44.6345367      3.2492642      7.4623275      7.2419424
          37   2526.6201172   2529.6411133    127.0000000   2399.6201172   2402.6411133     -0.1258948   1889.4645996   1891.8433838     -0.1258973     65.8776474     65.9230804
          38   3818.5000000   3796.7390137    271.0000000   3547.5000000   3525.7390137      0.6134175   1309.0405273   1301.0107422      0.6134100     78.4516907     78.1787338
          39    154.8300018    155.4752045   1182.0000000   1027.1700439   1026.5247803      0.0628196     86.9010239     86.8464279      0.0628254     39.7300644     39.6955261
          40    332.3500061    330.2598877   2515.0000000   2182.6499023   2184.7402344     -0.0957704     86.7852859     86.8684006     -0.0957704     57.8467064     57.9233742
          41    982.3198853    982.7410278     52.0000000    930.3198853    930.7410278     -0.0452686   1789.0766602   1789.8867188     -0.0452780     40.9090958     40.9192848
          42   1110.3900146   1108.8690186    111.0000000    999.3900146    997.8690186      0.1521924    900.3513184    898.9810791      0.1521894     40.4410858     40.4047050
          43   3354.1088867   3356.9069824   1129.0000000   2225.1088867   2227.9069824     -0.1257510    197.0867004    197.3345337     -0.1257483     46.9976997     47.0421219
          44   4596.5400391   4575.3481445   2404.0000000   2192.5400391   2171.3481445      0.9665454     91.2038269     90.3223038      0.9665418     37.0592613     36.7567444
          45   1281.7810059   1282.3919678     86.0000000   1195.7810059   1196.3919678     -0.0510931   1390.4429932   1391.1534424     -0.0510952     45.7254906     45.7386360
          47    209.4700012    205.1631012    893.0000000    683.5300293    687.8369141     -0.6300944     76.5431137     77.0254059     -0.6300922     29.1131516     29.3539848
          48   2072.3291016   2074.5148926   1902.0000000    170.3291016    172.5148926     -1.2832751      8.9552622      9.0701838     -1.2832854      3.8209550      3.8689249
   
 Initial: Total Error =   39267.93     Average Error =   913.2076    
 Final  : Total Error =   39261.99     Average Error =   913.0696    
 -------- % Reduction =  1.5120482E-02
   
 Initial: Absolute RMSE% =   167.0718     Relative RMSE% =   540.3461    
 Final  : Absolute RMSE% =   166.8124     Relative RMSE% =   540.2362    
   
 Initial:  GEH < 5 =    9.302325     %,  GEH < 10 =   27.90698     %
 Final  :  GEH < 5 =    9.302325     %,  GEH < 10 =   27.90698     %
   
 Initial: GEH Total =   1148.959    
 Final  : GEH Total =   1149.949    
 -------- % Reduction = -8.6195998E-02
   
 Initial:  R^2 =   -1.602868    
 Final  :  R^2 =   -1.594791    
   
