 ANALYST DRIVE MATRIX ESTIMATION, ADVANCED VOLUME/STATISTICS REPORT
  
**********************************************************************************************************************************************************************************
**********************************************************************************************************************************************************************************
   
 User Class           1  Simulated Volume Report.  (Summary Statistics Follow)
   
Screenline #              Estimated Volume               Abs Error (Init)          Abs Error % Improve            Rel Error (Final%)                 GEH Stat (Init)
             Initial Volume               Observed Volume              Abs Error (Final)            Rel Error (Init%)           Rel Error % Improve               GEH Stat (Final)
----------------------------------------------------------------------------------------------------------------------------------------------------------------------------------
           1   4038.9399414   4038.9399414   4000.0000000     38.9399414     38.9399414      0.0000000      0.9734985      0.9734985      0.0000000      0.6142015      0.6142015
           2   4011.5100098   4011.5100098   4000.0000000     11.5100098     11.5100098      0.0000000      0.2877502      0.2877502      0.0000000      0.1818585      0.1818585
           3   4041.2700195   4041.2700195   4000.0000000     41.2700195     41.2700195      0.0000000      1.0317506      1.0317506      0.0000000      0.6508597      0.6508597
           4   8026.8598633   8026.8598633   8000.0000000     26.8598633     26.8598633      0.0000000      0.3357483      0.3357483      0.0000000      0.3000507      0.3000507
           5   3944.6699219   3944.6699219   4000.0000000     55.3300781     55.3300781      0.0000000      1.3832520      1.3832520      0.0000000      0.8778864      0.8778864
           6   9514.4707031   9514.4707031   9000.0000000    514.4707031    514.4707031      0.0000000      5.7163410      5.7163410      0.0000000      5.3471208      5.3471208
           7   3944.6699219   3944.6699219   4000.0000000     55.3300781     55.3300781      0.0000000      1.3832520      1.3832520      0.0000000      0.8778864      0.8778864
           8   9514.4707031   9514.4707031  10000.0000000    485.5292969    485.5292969      0.0000000      4.8552933      4.8552933      0.0000000      4.9153228      4.9153228
           9   4068.5700684   4068.5700684   4000.0000000     68.5700684     68.5700684      0.0000000      1.7142518      1.7142518      0.0000000      1.0795712      1.0795712
          10  10035.0000000  10035.0000000  10000.0000000     35.0000000     35.0000000      0.0000000      0.3500000      0.3500000      0.0000000      0.3496942      0.3496942
          11   3970.5500488   3970.5500488   4000.0000000     29.4499512     29.4499512      0.0000000      0.7362488      0.7362488      0.0000000      0.4665041      0.4665041
          12   9971.2724609   9971.2724609   9000.0000000    971.2724609    971.2724609      0.0000000     10.7919168     10.7919168      0.0000000      9.9725866      9.9725866
          13   3970.5500488   3970.5500488   4000.0000000     29.4499512     29.4499512      0.0000000      0.7362488      0.7362488      0.0000000      0.4665041      0.4665041
          14   9971.2724609   9971.2724609  11000.0000000   1028.7275391   1028.7275391      0.0000000      9.3520689      9.3520689      0.0000000     10.0462265     10.0462265
          15   3994.1101074   3994.1101074   4000.0000000      5.8898926      5.8898926      0.0000000      0.1472473      0.1472473      0.0000000      0.0931617      0.0931617
          16  10990.3203125  10990.3203125  11000.0000000      9.6796875      9.6796875      0.0000000      0.0879972      0.0879972      0.0000000      0.0923125      0.0923125
          17   3953.5600586   3953.5600586   4000.0000000     46.4399414     46.4399414      0.0000000      1.1609986      1.1609986      0.0000000      0.7364205      0.7364205
          18   8991.4306641   8991.4306641   9000.0000000      8.5693359      8.5693359      0.0000000      0.0952148      0.0952148      0.0000000      0.0903502      0.0903502
          19  10978.3701172  10978.3701172  11000.0000000     21.6298828     21.6298828      0.0000000      0.1966353      0.1966353      0.0000000      0.2063343      0.2063343
          20   4026.0900879   4026.0900879   4000.0000000     26.0900879     26.0900879      0.0000000      0.6522522      0.6522522      0.0000000      0.4118495      0.4118495
          21   3986.9699707   3986.9699707   4000.0000000     13.0300293     13.0300293      0.0000000      0.3257507      0.3257507      0.0000000      0.2061908      0.2061908
          22  10004.5703125  10004.5703125  10000.0000000      4.5703125      4.5703125      0.0000000      0.0457031      0.0457031      0.0000000      0.0456979      0.0456979
          23   4988.8198242   4988.8198242   5000.0000000     11.1801758     11.1801758      0.0000000      0.2236035      0.2236035      0.0000000      0.1582000      0.1582000
          24  10992.1298828  10992.1298828  11000.0000000      7.8701172      7.8701172      0.0000000      0.0715465      0.0715465      0.0000000      0.0750521      0.0750521
          25   4988.8198242   4988.8198242   5000.0000000     11.1801758     11.1801758      0.0000000      0.2236035      0.2236035      0.0000000      0.1582000      0.1582000
          26  10992.1298828  10992.1298828  11000.0000000      7.8701172      7.8701172      0.0000000      0.0715465      0.0715465      0.0000000      0.0750521      0.0750521
          27   4990.4199219   4990.4199219   5000.0000000      9.5800781      9.5800781      0.0000000      0.1916016      0.1916016      0.0000000      0.1355477      0.1355477
          28  13000.5498047  13000.5498047  13000.0000000      0.5498047      0.5498047      0.0000000      0.0042293      0.0042293      0.0000000      0.0048221      0.0048221
          29   3961.3798828   3961.3798828   4000.0000000     38.6201172     38.6201172      0.0000000      0.9655030      0.9655030      0.0000000      0.6121169      0.6121169
          30  10004.4697266  10004.4697266  10000.0000000      4.4697266      4.4697266      0.0000000      0.0446973      0.0446973      0.0000000      0.0446923      0.0446923
          31   4990.4199219   4990.4199219   5000.0000000      9.5800781      9.5800781      0.0000000      0.1916016      0.1916016      0.0000000      0.1355477      0.1355477
          32  13000.5498047  13000.5498047  13000.0000000      0.5498047      0.5498047      0.0000000      0.0042293      0.0042293      0.0000000      0.0048221      0.0048221
          33   6000.9399414   6000.9399414   6000.0000000      0.9399414      0.9399414      0.0000000      0.0156657      0.0156657      0.0000000      0.0121341      0.0121341
          34  14004.4804688  14004.4804688  14000.0000000      4.4804688      4.4804688      0.0000000      0.0320034      0.0320034      0.0000000      0.0378638      0.0378638
          35   5034.5488281   5034.5488281   5000.0000000     34.5488281     34.5488281      0.0000000      0.6909766      0.6909766      0.0000000      0.4877524      0.4877524
          36  13072.9902344  13072.9902344  13000.0000000     72.9902344     72.9902344      0.0000000      0.5614633      0.5614633      0.0000000      0.6392700      0.6392700
          37   5034.5488281   5034.5488281   5000.0000000     34.5488281     34.5488281      0.0000000      0.6909766      0.6909766      0.0000000      0.4877524      0.4877524
          38  13072.9902344  13072.9902344  13000.0000000     72.9902344     72.9902344      0.0000000      0.5614633      0.5614633      0.0000000      0.6392700      0.6392700
          39   5899.8300781   5899.8300781   6000.0000000    100.1699219    100.1699219      0.0000000      1.6694987      1.6694987      0.0000000      1.2986196      1.2986196
          40  13845.4101562  13845.4101562  14000.0000000    154.5898438    154.5898438      0.0000000      1.1042132      1.1042132      0.0000000      1.3101443      1.3101443
   
 Initial: Total Error =   4104.317     Average Error =   102.6079    
 Final  : Total Error =   4104.317     Average Error =   102.6079    
 -------- % Reduction =  0.0000000E+00
   
 Initial: Absolute RMSE% =   3.336953     Relative RMSE% =   2.641149    
 Final  : Absolute RMSE% =   3.336953     Relative RMSE% =   2.641149    
   
 Initial:  GEH < 5 =    92.50000     %,  GEH < 10 =   97.50000     %
 Final  :  GEH < 5 =    92.50000     %,  GEH < 10 =   97.50000     %
   
 Initial: GEH Total =   44.34544    
 Final  : GEH Total =   44.34544    
 -------- % Reduction =  0.0000000E+00
   
 Initial: Estimated Volumes within 5% of count =           37
 Final  : Estimated Volumes within 5% of count =           37
 -------- % Reduction =  0.0000000E+00
  
 Initial: Estimated Volumes within 10% of count =           39
 Final  : Estimated Volumes within 10% of count =           39
 -------- % Reduction =  0.0000000E+00
  
 Initial:  R^2 =   0.9948505    
 Final  :  R^2 =   0.9948505    
   
